def gather_people(building, time):
    return 0


if __name__ == '__main__':
    # These "asserts" using only for self-checking and not necessary for auto-testing
    assert gather_people([[0, 40, 0, 40, 0, 0],
                          [40, 6, 0, 0, 40, 0],
                          [0, 0, 3, 0, 28, 0],
                          [40, 0, 0, 4, 40, 28],
                          [0, 40, 28, 40, 1, 0],
                          [0, 0, 0, 28, 0, 2]], 80), "Example"
    assert gather_people([[0, 40, 0, 40, 0, 0],
                          [40, 6, 0, 0, 40, 0],
                          [0, 0, 3, 0, 28, 0],
                          [40, 0, 0, 4, 40, 28],
                          [0, 40, 28, 40, 1, 0],
                          [0, 0, 0, 28, 0, 2]], 40), "Hurry"
    assert gather_people([[1, 0, 40, 0, 40, 40, 0, 40, 0],
                          [0, 1, 40, 0, 40, 0, 0, 0, 0],
                          [40, 40, 1, 40, 0, 0, 0, 0, 0],
                          [0, 0, 40, 1, 0, 89, 0, 0, 0],
                          [40, 40, 0, 0, 1, 0, 40, 0, 0],
                          [40, 0, 0, 89, 0, 1, 0, 0, 40],
                          [0, 0, 0, 0, 40, 0, 1, 40, 0],
                          [40, 0, 0, 0, 0, 0, 40, 1, 40],
                          [0, 0, 0, 0, 0, 40, 0, 40, 1]], 40), "Grid"
